Julian Day	Latitude	Longitude	Ts
from 1/1/97	(deg)	(deg)	(deg C)

304.8333	75.730	-144.046	
307.8750			-26.733
309.1250			-26.305
311.0417			-14.694
313.1667			-16.497
318.9167			-14.241
318.9583			-15.031
319.2500			-19.720
319.7500			-21.313
319.7917			
319.8333	76.110	-146.264	
319.9583	76.111	-146.280	
320.0000	76.111	-146.285	
320.2917			-31.852
321.9167			-31.525
322.5833			-32.291
322.6667			-32.515
323.0417			-32.211
323.0833			-31.583
323.1250			-30.926
323.1667			-30.032
323.2083			-29.510
323.2500			-30.275
323.2917			-30.046
323.3333			-29.560
323.3750			-30.000
323.4167			-29.782
323.4583			-29.769
323.5000			-29.438
323.5417			-28.246
323.5833			-28.572
323.6250			-28.968
323.6667			-28.452
323.7083			-28.746
323.7500			-28.419
323.7917			-28.530
323.8333			-28.225
323.8750			-27.149
323.9167			-26.279
327.0000			-17.227
328.7917			-31.417
332.9167			-38.204
332.9583	76.124	-147.538	
334.0000			-17.735
335.0000			-34.289
335.0417			-34.384
335.0833			-34.184
335.1250			-34.052
335.1667			-35.290
335.2083			-36.521
335.9167			-34.081
354.0000			-39.768
354.0417			-39.944
366.4583			-41.211
366.5000			
366.5417			
366.5833			
366.6250
366.6667
366.7083
366.7500
366.7917
366.8333
366.8750
366.9167
366.9583
367.0000
367.0417
367.0833
367.1250
367.1667
367.2083
367.2500
367.3750			-34.115
367.4583			-33.149
367.6250			-32.985
367.7500			-32.742
367.8333			-31.260
367.8750			-30.448
368.0000			-29.701
368.0417	75.032	-149.786	
377.9167			-33.346
377.9583	74.847	-150.491	
378.0000	74.844	-150.500	
379.9583			-34.019
380.0000	74.791	-150.753	
380.7500			-38.503
383.7500			-37.531
383.7917	74.732	-151.540	
385.0000			-39.052
385.0417			-39.642
385.0833			-38.775
385.1250			-39.087
385.1667			-39.402
385.2083			-38.518
385.2500			-35.819
385.2917			-35.459
385.3333			-35.084
385.3750			-33.709
385.4167			-34.053
385.4583			-34.100
385.5000			-34.004
385.5417			-33.717
385.5833			-33.365
385.6250			-34.550
385.6667			-34.203
385.7083			-33.702
385.7500			-34.345
385.7917			-35.353
385.8333			-34.986
385.8750			-35.315
385.9167			-35.546
385.9583			-35.608
386.0000			-35.506
386.0417			-35.769
386.0833			-35.936
386.1250			-36.070
386.1667			-36.070
386.2083			-35.638
386.2500			-35.937
386.2917			-36.236
386.3333			-36.270
386.3750			-36.136
386.4167			-36.071
386.4583			-35.772
386.5000			-36.172
386.5417			-36.273
386.5833			-36.009
386.6250			-35.914
386.6667			-36.183
386.7083			-36.487
386.7500			-36.153
386.7917			-35.556
386.8333			-35.459
386.8750			-35.296
386.9167			-35.925
386.9583			-36.183
387.0000			-36.317
387.0417			-35.987
387.0833			-36.157
387.1250			-36.231
387.1667			-35.347
387.2083			-34.744
387.2500			-35.012
387.2917			-34.917
387.3333			-33.670
387.3750			-34.470
387.4167			-34.054
387.4583			-34.194
387.5000			-35.087
387.5417			-34.922
387.5833			-35.024
387.6250			-34.960
387.6667			-34.368
387.7083			-34.926
387.7500			-34.959
387.7917			
387.8333			
387.8750			-36.125
387.9167			-35.989
387.9583			-35.990
388.0000			-36.089
388.0417			
388.0833			
388.1250			
388.1667			
388.2083			
388.2500			
388.2917			
388.3333			-35.383
388.3750			-35.221
388.4167			-35.142
388.4583			-35.458
388.5000			-35.562
388.5417			-35.807
388.5833			-35.708
388.6250			-35.770
388.6667			-35.936
388.7083			-36.330
388.7500			-36.294
388.7917			-36.160
388.8333			-36.225
388.8750			-35.896
388.9167			-36.093
388.9583			-36.491
391.0000			-24.574
391.0417			-24.154
391.0833			-23.606
391.1250			-23.262
391.1667			-23.124
391.2083			-22.929
391.2500			-22.788
391.2917			-22.729
391.3333			-22.530
391.3750			-22.698
391.4167			-22.895
391.4583			-22.980
395.1667			
395.2083			
395.2500			
395.2917
395.3333
395.3750
395.4167
395.4583
395.5000
395.5417
395.5833
395.6250
395.6667
395.7083
395.7500
395.7917
395.8333
395.8750
395.9167
395.9583
396.0000
396.0417
396.0833
396.1250
396.1667
396.2083
396.2500
396.2917
396.3333
396.3750
396.4167
396.4583
396.5000
396.5417
396.5833
396.6250
396.6667
396.7083
396.7500
396.7917
396.8333
396.8750
396.9167
396.9583
397.0000
397.0417
397.0833
397.1250
397.1667
397.2083
397.2500
397.2917
397.3333
397.3750
397.4167
397.4583
397.5000
397.5417
397.5833
397.6250
397.6667
397.7083
397.7500
397.7917
397.8333
397.8750
397.9167
397.9583
398.0000
398.0417
398.0833
398.1250
398.1667
398.2083
398.2500
398.2917
398.3333
398.3750
398.4167
398.4583
398.5000
398.5417
398.5833
398.6250
398.6667
398.7083
398.7500
398.7917
398.8333
398.8750
398.9167
398.9583
399.0000
399.0417
399.0833
399.1250
399.1667
399.2083
399.2500
399.2917
399.3333
399.3750
399.4167
399.4583
399.5000
399.5417
399.5833
399.6250
399.6667
399.7083
399.7500
399.7917
399.8333
399.8750
399.9167
399.9583
400.0000
400.0417
400.0833
400.1250
400.1667
400.2083
400.2500
400.2917
400.3333
400.3750
400.4167
400.4583
400.5000
400.5417
400.5833
400.6250
400.6667
400.7083
400.7500
400.7917
400.8333
400.8750
400.9167
400.9583
401.0000
401.0417
401.0833
401.1250
401.1667
401.2083
401.2500
401.2917
401.3333
401.3750
401.4167
401.4583
401.5000
401.5417
401.5833
401.6250
401.6667
401.7083
401.7500
401.7917
401.8333
401.8750
401.9167
401.9583
402.0000
402.0417
402.0833
402.1250
402.1667
402.2083
402.2500
402.2917
402.3333
402.3750
402.4167
402.4583
402.5000
402.5417
402.5833
402.6250			
402.6667			
402.7083			
402.7500			
402.7917			
402.8333	75.116	-158.082	
402.8750	75.111	-158.086	
402.9167			
402.9583			
403.0000			
403.0417			
403.0833			
403.1250			-36.116
405.2500			
405.2917	74.928	-157.754	
406.0417			-36.270
406.0833			-36.338
406.1250			-36.073
406.1667			-36.308
406.2083			-36.175
406.2500			-36.078
406.2917			-35.781
406.3333			-35.710
406.3750			-36.008
406.4167			-36.118
406.4583			-35.894
406.5000			-35.912
406.5417			-35.843
406.5833			-36.144
406.6250			-36.209
406.6667			-35.741
406.7083			-35.641
406.7500			-36.075
406.7917			-37.284
406.8333			
406.8750			-36.942
406.9167			-36.673
406.9583			-36.810
408.1667			-33.684
409.1250			-36.389
414.8333			-40.691
414.8750	74.891	-157.837	
415.0000			
415.0417	74.891	-157.838	
415.9167			-35.863
416.7917			-35.068
416.8333	74.966	-158.659	
416.9167			
416.9583	74.969	-158.727	
420.9583			-38.763
421.0000	75.007	-159.155	
423.7500			-19.542
423.7917			
423.8333			
423.8750			
423.9167			
423.9583			
424.0000			
424.0417			-25.510
424.0833			-27.162
424.1250			-28.426
424.1667			-28.607
424.2083			-28.769
424.2500			-28.371
424.2917			-25.894
424.3333			-23.864
424.3750			-22.523
424.4167			-21.502
424.4583			-21.353
424.5000			-21.817
424.5417			-22.313
424.5833			-22.256
424.6250			-22.997
424.6667			-24.835
424.7083			-23.096
424.7500			-21.276
424.7917			-20.288
424.8333			-20.237
424.8750			-20.339
424.9167			-19.944
424.9583			-19.998
425.0000			-20.190
425.0417			-20.684
425.0833			-21.460
425.1250			-21.601
425.1667			-21.458
425.2083			-21.681
425.2500			-21.542
425.2917			-21.621
425.3333			-21.954
425.3750			-22.180
425.4167			-22.545
425.4583			-22.716
425.5000			-22.771
425.5417			-22.911
425.5833			-22.573
425.6250			-22.459
425.6667			-22.651
425.7083			-22.411
425.7500			-21.854
425.7917			-21.929
425.8333			-21.812
425.8750			-21.480
425.9167			-20.901
425.9583			-21.346
427.8333			-25.312
427.8750			
427.9167			
427.9583			
428.0000	75.148	-159.681	
428.7917			-24.044
430.0000			
430.0417	75.186	-159.857	
430.2083			-34.685
430.2500	75.196	-159.884	
431.7500			-27.649
431.7917			-27.500
431.8333			-27.021
431.8750			-26.515
431.9167			-26.308
432.0000			
432.0417			
432.0833			
432.1250			
432.1667			
432.2083			
432.2500			
432.2917			
432.3333			
432.3750			
432.4167			
432.4583			
432.5000			
432.5417			
432.5833			
432.6250			
432.6667			
432.7083	75.396	-160.218	
435.9583	75.538	-160.300	
436.7917	75.609	-160.355	
437.9167	75.611	-160.429	
438.0000	75.606	-160.427	
441.9583			-29.893
442.0000			
442.0417			
442.0833			
442.1250			
442.1667			
442.2083			
442.2500			
442.2917			
442.3333			
442.3750			
442.4167			
442.4583			
442.5000			
442.5417			
442.5833			
442.6250
442.6667
442.7083
442.7500
442.7917
442.8333
442.8750
442.9167
442.9583
443.0000
443.0417
443.0833
443.1250
443.1667
443.2083
443.2500
443.2917
443.3333
443.3750
443.4167
443.4583
443.5000
443.5417
443.5833
443.6250
443.6667
443.7083
443.7500
443.7917
443.8333
443.8750
443.9167
443.9583			
444.9167			
444.9583			
445.0000			
445.0417			
445.0833			
445.1250			
445.1667			
445.2083			
445.2500			
445.2917			
445.3333			
445.3750			
445.4167			
445.4583			
445.5000			
445.5417			
445.5833			
445.6250			
445.6667			
445.7083			
445.7500	75.749	-162.277	
446.3750	75.829	-162.435	
446.4167	75.833	-162.429	
446.4583	75.838	-162.420	
446.5833	75.851	-162.377	
446.6250	75.854	-162.363
446.6667		
446.7083		
446.7500		
446.7917		
446.8333		
446.8750		
446.9167		
446.9583		
447.0000		
447.0417		
447.0833		
447.1250		
447.1667		
447.2083		
447.2500		
447.2917
447.3333
447.3750
447.4167
447.4583
447.5000
447.5417
447.5833
447.6250
447.6667
447.7083
447.7500
447.7917
447.8333
447.8750
447.9167
447.9583
448.0000
448.0417
448.0833
448.1250
448.1667
448.2083
448.2500
448.2917
448.3333
448.3750
448.4167
448.4583
448.5000
448.5417
448.5833
448.6250
448.6667
448.7083
448.7500
448.7917
448.8333
448.8750
448.9167
448.9583
449.0000
449.0417
449.0833
449.1250
449.1667
449.2083
449.2500
449.2917
449.3333
449.3750
449.4167
449.4583
449.5000
449.5417
449.5833
449.6250
449.6667
449.7083
449.7500
449.7917
449.8333
449.8750
449.9167
449.9583			
450.0000			
450.0417			
450.0833			
450.1250			
450.1667			
450.2083			
450.2500			-29.631
450.2917			-30.251
450.3333			-30.654
450.3750			-30.287
450.4167			-30.723
450.4583			-29.668
450.5000			-29.187
450.5417			-29.649
450.5833			-30.764
450.6250			-31.660
452.9583			-17.129
453.0000	76.011	-164.144	
458.0000	76.117	-164.406	
458.0417	76.117	-164.407	
458.0833	76.118	-164.407	
458.1250	76.119	-164.408	
458.1667	76.120	-164.411	
458.2083	76.121	-164.413	
458.3333	76.124	-164.412	
458.3750	76.125	-164.411	
458.4167	76.126	-164.409	
458.4583	76.127	-164.407	
458.5000	76.128	-164.405	
458.5417	76.128	-164.403	
458.5833	76.129	-164.399	
458.6250	76.129	-164.397	
458.6667	76.130	-164.395	
458.7083	76.130	-164.392	
458.8333	76.131	-164.387	
458.8750	76.131	-164.386	
458.9167			
458.9583	76.131	-164.387	
459.0000	76.130	-164.389	
465.0000			
468.0000			
468.0417			
468.0833			
468.1250			
468.1667			
468.2083			-15.067
469.8750			
469.9167	76.131	-165.522	
470.0000			-16.327
470.1250			-16.456
470.1667	76.130	-165.547	
470.6667			-15.845
470.7083	76.128	-165.553	
508.6667			
508.7083	76.350	-166.675	
519.9167			0.000
521.4167			-0.057
521.4583			
521.5000			
521.5417			
521.5833			
521.6250			
521.6667			
521.7083	76.928	-167.141	
559.0000			
559.0417			
559.0833	78.084	-166.331	
559.7500			-0.173
559.7917			
559.8333			
559.8750			
559.9167			
559.9583			
560.0000			
560.0417			
560.0833			
560.1250			
560.1667	78.084	-166.389	
568.8750			0.099
568.9167			0.052
570.0000	78.443	-165.500	
570.0417	78.447	-165.499	
570.0833	78.451	-165.498	
570.1250	78.455	-165.494	
570.1667	78.458	-165.489	
570.2083	78.461	-165.484	
570.2500	78.463	-165.480	
570.2917	78.465	-165.479	
585.8333			
592.0833			-0.744
592.1250			-0.534
594.7500			-1.572
594.7917	78.768	-158.660	
596.0833			0.028
598.7917			
599.9167			
599.9583	79.415	-158.796	
601.2083			-1.612
601.2500			-1.761
601.2917			-2.279
601.3333			-2.422
601.3750			-2.425
601.4167			-2.728
601.4583			-3.191
601.5000			-4.811
601.5417			-7.493
601.5833			-6.372
601.6250			-3.400
601.6667			-3.176
601.7083			-3.479
601.7500			-2.536
601.7917			-1.704
601.8333			-1.589
601.8750			-1.548
601.9167			-1.320
602.1667			
602.2083			
602.2500			
602.2917			
602.3333			
602.3750			
602.4167			
602.4583			
602.5000			
602.5417			
602.5833			
602.6250			
602.6667			
602.7083			
602.7500			
602.7917	79.536	-159.132	
606.7500			-1.015
606.7917	79.545	-159.993	
607.9167			-0.695
608.7917	79.537	-159.779	
609.7917			-1.898
610.1250	79.628	-159.458	
614.7917			-1.177
615.7917			-3.021
615.8333			-1.868
615.8750			-2.086
615.9167			-2.256
616.1667			-1.993
617.9583	79.644	-161.979	
619.3750			-3.192
621.9583			-1.997
622.0000	79.592	-161.597	
624.7500			-7.471
625.3750			-8.308
626.8750			-0.056
627.7500			-2.777
627.8333			-2.373
628.3333			-3.871
630.1250			-4.928
636.7083	80.199	-166.088	
637.7083			
637.7500	80.171	-165.898	
637.9583	80.168	-165.888	
638.7083			-10.060
638.7500			
638.7917			
638.8333			
638.8750	80.196	-165.816	

